2 0.15125 0.11333333333333333 0.16 0.22666666666666666
2 0.455625 0.0525 0.17875 0.105
2 0.975 0.9191666666666667 0.0475 0.15833333333333333
3 0.221875 0.0875 0.06625 0.135
4 0.925 0.91 0.1475 0.17666666666666667
4 0.979375 0.8566666666666667 0.03875 0.2833333333333333
4 0.7275 0.05333333333333334 0.1925 0.10666666666666667
4 0.565625 0.065 0.18125 0.13
4 0.435625 0.09333333333333334 0.18125 0.18666666666666668
4 0.115 0.16333333333333333 0.175 0.32666666666666666
4 0.016875 0.22833333333333333 0.03375 0.31