2 0.153125 0.9441666666666667 0.30625 0.10833333333333334
2 0.37265997886657715 0.8022511800130209 0.2158717155456543 0.324378662109375
2 0.5080061817169189 0.47787132263183596 0.26041666030883787 0.3335160827636719
2 0.6878993606567383 0.2562902577718099 0.25699012756347656 0.3837719217936198
2 0.87625 0.07833333333333334 0.21 0.15666666666666668
4 0.7625 0.028333333333333332 0.23 0.056666666666666664
4 0.68 0.10166666666666667 0.2125 0.20333333333333334
4 0.5639808177947998 0.14882486979166668 0.21217550277709962 0.2696809895833333
4 0.505484266281128 0.3259682083129883 0.19036306381225587 0.28025672912597654
4 0.3900771236419678 0.4381257756551107 0.24985151290893554 0.34899894714355467
4 0.36271315574645996 0.6380057144165039 0.21891752243041993 0.25381741841634115
3 0.30629209518432615 0.8117388598124187 0.08836055755615234 0.11169386545817057
3 0.184375 0.9775 0.08625 0.041666666666666664
3 0.138125 0.95 0.09875 0.09666666666666666