2 0.15125 0.9 0.16 0.19666666666666666
2 0.455625 0.8116666666666666 0.17875 0.37333333333333335
2 0.7425 0.7191666666666666 0.19 0.5583333333333333
2 0.95875 0.5825 0.08 0.445
3 0.788125 0.5708333333333333 0.09875 0.065
3 0.5 0.745 0.105 0.06
4 0.938125 0.6508333333333334 0.12125 0.30833333333333335
4 0.840625 0.7716666666666666 0.17625 0.36333333333333334
4 0.7275 0.87 0.1925 0.25666666666666665
4 0.565625 0.8975 0.18125 0.20166666666666666
4 0.435625 0.9266666666666666 0.18125 0.14333333333333334
4 0.115 0.9966666666666667 0.175 0.0033333333333333335