2 0.205 0.8533333333333334 0.2675 0.29
2 0.44875 0.5933333333333334 0.135 0.42
2 0.630625 0.33666666666666667 0.14375 0.4266666666666667
2 0.88 0.22 0.1775 0.44
3 0.258125 0.9041666666666667 0.10125 0.06166666666666667
3 0.206875 0.7925 0.09125 0.075
4 0.934375 0.22833333333333333 0.12875 0.31
4 0.846875 0.3575 0.17125 0.30833333333333335
4 0.729375 0.45916666666666667 0.16875 0.315
4 0.601875 0.4875 0.16875 0.3016666666666667
4 0.5425 0.7116666666666667 0.15 0.30333333333333334
4 0.414375 0.77 0.15625 0.30666666666666664