3 0.606875 0.04583333333333333 0.08875 0.06833333333333333
3 0.505625 0.025833333333333333 0.08625 0.051666666666666666
2 0.570625 0.018333333333333333 0.32625 0.03666666666666667
2 0.4975 0.39416666666666667 0.29 0.26166666666666666
2 0.430625 0.7341666666666666 0.35375 0.295
2 0.32375 0.9616666666666667 0.335 0.07333333333333333
4 0.2475 0.985 0.2275 0.02666666666666667
4 0.269375 0.8908333333333334 0.22875 0.215
4 0.319375 0.7375 0.22625 0.24166666666666667
4 0.415 0.6033333333333334 0.2225 0.23333333333333334
4 0.3575 0.37833333333333335 0.22 0.24666666666666667
4 0.43375 0.2275 0.2225 0.25166666666666665