2 0.975 0.1 0.0475 0.2
2 0.893125 0.295 0.16875 0.27
2 0.599375 0.5558333333333333 0.31625 0.415
2 0.4025 0.9183333333333333 0.1575 0.16
3 0.566875 0.5925 0.07375 0.08833333333333333
3 0.688125 0.475 0.08875 0.1
3 0.65125 0.42083333333333334 0.0975 0.095
3 0.838125 0.2966666666666667 0.07125 0.12
4 0.233125 0.9775 0.20625 0.041666666666666664
4 0.318125 0.915 0.18875 0.16666666666666666
4 0.399375 0.8258333333333333 0.20625 0.295
4 0.89625 0.155 0.1925 0.2966666666666667
4 0.925 0.07333333333333333 0.1475 0.14666666666666667
4 0.979375 0.008333333333333333 0.03875 0.016666666666666666