2 0.05375 0.9325 0.1075 0.13166666666666665
2 0.24375 0.825 0.235 0.3466666666666667
2 0.5006049537658691 0.6692112731933594 0.22615131378173828 0.4705774943033854
2 0.805568380355835 0.4750407918294271 0.23985746383666992 0.5573830159505209
2 0.9775 0.3125 0.0425 0.5083333333333333
4 0.22125 0.9433333333333334 0.1775 0.11
4 0.32875 0.8766666666666667 0.1875 0.24333333333333335
4 0.481886682510376 0.8080227533976237 0.19829484939575195 0.3331353505452474
4 0.787657642364502 0.6107865524291992 0.1943289566040039 0.3463550059000651
4 0.90375 0.515 0.19 0.36666666666666664
4 0.986875 0.46166666666666667 0.02375 0.3933333333333333
3 0.049375 0.9666666666666667 0.09875 0.06333333333333334
3 0.5879754543304443 0.7263254483540853 0.08724973678588867 0.12690870920817057
3 0.8160138082504272 0.3350238100687663 0.11501101493835449 0.10575725555419922
3 0.98125 0.24083333333333334 0.035 0.115