2 0.095 0.3125 0.19 0.5083333333333333
2 0.30926809310913084 0.1507146453857422 0.16447368621826172 0.3014292907714844
2 0.87625 0.885 0.21 0.22666666666666666
2 0.961875 0.7308333333333333 0.07375 0.4116666666666667
4 0.00125 0.515 0.0025 0.36666666666666664
4 0.0825 0.46166666666666667 0.165 0.3933333333333333
4 0.15747618675231934 0.2921920394897461 0.18838010787963866 0.4018775685628255
4 0.27149620056152346 0.15470821380615235 0.16260177612304688 0.29083244323730467
4 0.40237266540527344 0.11436927795410157 0.16260177612304688 0.22873855590820313
4 0.9275 0.6425 0.1425 0.28833333333333333
4 0.9875 0.5975 0.0225 0.3016666666666667
4 0.8515094375610351 0.7852856953938802 0.24390266418457032 0.32520355224609376
4 0.7625 0.8825 0.23 0.23166666666666666
4 0.68 0.9525 0.2125 0.09166666666666666
3 0.024375 0.24083333333333334 0.04875 0.115