2 0.038125 0.5825 0.07625 0.445
2 0.264375 0.4025 0.15625 0.43166666666666664
2 0.515 0.2891666666666667 0.115 0.335
2 0.795 0.18166666666666667 0.1025 0.3566666666666667
4 0.97625 0.1275 0.045 0.255
4 0.9275 0.9566666666666667 0.1425 0.08333333333333333
4 0.98375 0.8958333333333334 0.03 0.205
4 0.8875 0.21416666666666667 0.1425 0.31833333333333336
4 0.615 0.35583333333333333 0.1675 0.335
4 0.47375 0.3925 0.165 0.315
4 0.36125 0.44666666666666666 0.17 0.31666666666666665
4 0.22875 0.4925 0.1575 0.315
4 0.08375 0.6108333333333333 0.1625 0.31166666666666665
4 0.01625 0.6508333333333334 0.0325 0.30833333333333335