4 0.055 0.1275 0.11 0.255
2 0.33625 0.0425 0.115 0.085
2 0.63125 0.6225 0.185 0.305
2 0.3975 0.8083333333333333 0.1725 0.30666666666666664
2 0.165 0.9133333333333333 0.17 0.17
3 0.55625 0.605 0.0925 0.12
4 0.026875 0.9566666666666667 0.05375 0.08333333333333333
4 0.0875 0.8958333333333334 0.175 0.205
4 0.2025 0.8491666666666666 0.2075 0.29833333333333334
4 0.3225 0.7866666666666666 0.18 0.27666666666666667
4 0.436875 0.6691666666666667 0.20875 0.31166666666666665
4 0.679375 0.5083333333333333 0.19875 0.30666666666666664
4 0.433125 0.045 0.16375 0.09