3 0.89 0.28583333333333333 0.09 0.085
2 0.0125 0.0575 0.025 0.115
2 0.831875 0.15916666666666668 0.33375 0.31833333333333336
2 0.67625 0.4091666666666667 0.215 0.205
2 0.561875 0.7891666666666667 0.22875 0.215
2 0.441875 0.9891666666666666 0.22375 0.018333333333333333
4 0.321875 0.9858333333333333 0.24375 0.025
4 0.419375 0.9208333333333333 0.23125 0.155
4 0.485 0.8441666666666666 0.2275 0.26166666666666666
4 0.571875 0.7041666666666667 0.22625 0.255
4 0.629375 0.49416666666666664 0.22875 0.265
4 0.71125 0.3591666666666667 0.215 0.24833333333333332
4 0.74375 0.17333333333333334 0.2625 0.2833333333333333
4 0.764375 0.051666666666666666 0.27625 0.10333333333333333
4 0.060625 0.055 0.12125 0.11
4 0.045625 0.17166666666666666 0.09125 0.22
4 0.020625 0.3358333333333333 0.04125 0.215