2 0.909375 0.175 0.16875 0.30666666666666664
2 0.689375 0.37833333333333335 0.16375 0.30666666666666664
2 0.47875 0.59 0.17 0.31333333333333335
2 0.268125 0.8041666666666667 0.21625 0.37166666666666665
2 0.08625 0.9191666666666667 0.1725 0.15833333333333333
3 0.865 0.19166666666666668 0.0725 0.11666666666666667
4 0.035 0.91 0.07 0.17666666666666667
4 0.083125 0.8566666666666667 0.16625 0.2833333333333333
4 0.150625 0.725 0.20125 0.30333333333333334
4 0.2675 0.625 0.2075 0.30333333333333334
4 0.37 0.5166666666666667 0.2 0.30333333333333334
4 0.480625 0.4116666666666667 0.21125 0.32666666666666666
4 0.58625 0.31166666666666665 0.205 0.30666666666666664
4 0.715625 0.2575 0.19625 0.29833333333333334
4 0.9275 0.11083333333333334 0.1425 0.22166666666666668
4 0.98375 0.05333333333333334 0.03 0.10666666666666667