3 0.995625 0.9341666666666667 0.00625 0.10166666666666667
3 0.08625 0.0075 0.0975 0.015
2 0.0125 0.9775 0.025 0.041666666666666664
2 0.061875 0.705 0.12375 0.17
2 0.095625 0.37 0.19125 0.15666666666666668
2 0.081875 0.0425 0.16375 0.085
2 0.925625 0.7858333333333334 0.14625 0.24166666666666667
2 0.831875 0.9841666666666666 0.33375 0.028333333333333332
4 0.764375 0.9066666666666666 0.27625 0.18333333333333332
4 0.87375 0.8016666666666666 0.245 0.25666666666666665
4 0.91375 0.6525 0.17 0.25833333333333336
4 0.103125 0.13166666666666665 0.20625 0.19666666666666666
4 0.119375 0.31333333333333335 0.23875 0.20666666666666667
4 0.105625 0.49083333333333334 0.21125 0.19166666666666668
4 0.1 0.6675 0.2 0.205
4 0.076875 0.8383333333333334 0.15375 0.20666666666666667
4 0.060625 0.9475 0.12125 0.10166666666666667